Location,Search Keyword,Segment,NAICS Code,Business Name,Address,Phone Number,Website,Latitude,Longitude,Rating,User Ratings,Place ID,Types
"Salida, CA",,retail,445110,Trader Joe's,"6535 Pacific Avenue, Stockton, CA, 95207",+1 209-951-7597,https://locations.traderjoes.com/ca/stockton/76/,38.0091681,-121.3226915,,,n_502635393,"shop=supermarket, brand=Trader Joe's"
"Salida, CA",,retail,445110,Podesto's,,,,38.0114821,-121.3216023,,,n_502635397,shop=supermarket
"Salida, CA",,retail,445120,Shell,"3103 Atchison Street, Riverbank, CA, 95367",,,37.7382497,-120.9385527,,,n_1183476246,"shop=convenience, brand=Shell"
"Salida, CA",,retail,445299,Oakdale Cheese,10040 Highway 120,1-209-848-3139,https://www.oakdalecheese.com/,37.7854523,-120.858988,,,n_1362362946,shop=cheese
"Salida, CA",,retail,445120,Indian Bazaar,,,,37.6693399,-121.0322475,,,n_1417375929,shop=convenience
"Salida, CA",,retail,445110,Star Market,"2622 Patterson Road, Riverbank, 95367",,,37.7324364,-120.9487271,,,n_1419496725,shop=supermarket
"Salida, CA",,retail,445110,Save Mart,,,,37.4653026,-121.142362,,,n_1419609101,"shop=supermarket, brand=Save Mart"
"Salida, CA",,retail,445110,Qwik Serve,,,,37.3930048,-121.0721362,,,n_1607884652,shop=supermarket
"Salida, CA",,retail,445120,El Mercado,,,,37.5468826,-121.1983931,,,n_1607908494,shop=convenience
"Salida, CA",,retail,445110,Raley's,"2550 Tracy Blvd, 95377",,https://www.raleys.com/,37.7122935,-121.4327012,,,n_1729192485,"shop=supermarket, brand=Raley's"
"Salida, CA",,retail,445120,Rossetti's Corner,,,,37.8300142,-121.0007411,,,n_1796519456,shop=convenience
"Salida, CA",,retail,445120,Airport Grocery,,,,37.4675266,-120.8494645,,,n_1796560777,shop=convenience
"Salida, CA",,retail,445120,Chevron,,,,37.689445,-120.958817,,,n_1892847828,"shop=convenience, brand=Chevron"
"Salida, CA",,retail,445110,Raley's,,,,37.6884059,-121.0108125,,,n_1894046564,"shop=supermarket, brand=Raley's"
"Salida, CA",,retail,445120,Cheaper Cigarettes,,,,37.7977301,-121.1999437,,,n_2142093042,shop=convenience
"Salida, CA",,retail,445120,7-Eleven,"853 East Yosemite, Manteca, CA, 95336-5803",+1 209-823-4310,https://www.7-eleven.com/locations/ca/manteca/853-e-yosemite-21756,37.7978106,-121.205254,,,n_2142093043,"shop=convenience, brand=7-Eleven"
"Salida, CA",,retail,445310,Yosemite Bottle Shop,"943 Yosemite Avenue, Manteca, CA, 95336",,,37.79787,-121.2040394,,,n_2142093044,shop=alcohol
"Salida, CA",,retail,445120,Three Palms Grocery,,,,38.0054202,-121.2182039,,,n_2422016317,shop=convenience
"Salida, CA",,retail,445120,Corona Market,,,,37.7645489,-120.8459616,,,n_2511043462,shop=convenience
"Salida, CA",,retail,445310,Liquor King,,,,37.5881953,-120.9381062,,,n_2511051152,shop=alcohol
"Salida, CA",,retail,445120,Central Market,,,,37.5571831,-120.9573913,,,n_2511053373,shop=convenience
"Salida, CA",,retail,452210,Ross,,,,37.7584319,-121.4575681,,,n_2589550241,"shop=department_store, brand=Ross"
"Salida, CA",,retail,452319,Dollar Tree,"2250 Patterson Road, Riverbank, 95367",,https://www.dollartree.com/locations/ca/riverbank/2840/,37.7315779,-120.9567065,,,n_2613496981,"shop=variety_store, brand=Dollar Tree"
"Salida, CA",,retail,445110,O'Brian's Market,,,,37.7316163,-120.9600001,,,n_2613496982,shop=supermarket
"Salida, CA",,retail,452210,Target,"2425 Claribel Road, Riverbank, CA, 95367",+1 209-863-1270,https://www.target.com/sl/riverbank/2096,37.7134624,-120.9531038,,,n_2613496985,"shop=department_store, brand=Target"
"Salida, CA",,retail,445110,Save Mart,,,,37.713534,-120.9568004,,,n_2613496986,shop=supermarket
"Salida, CA",,retail,452210,Kohl's,"2351 Claribel Road, Riverbank, CA, 95367",+1 209-863-1350,https://www.kohls.com/stores/ca/riverbank-1077.shtml,37.7134181,-120.954346,,,n_2613496988,"shop=department_store, brand=Kohl's"
"Salida, CA",,retail,445120,The Grove,,,,37.9804535,-121.311083,,,n_2636064408,shop=convenience
"Salida, CA",,retail,445110,Sakura Japanese Groceries & Gifts,"4343 Pacific Avenue, Stockton, 95207",(209) 477 3939,,37.9870345,-121.311504,,,n_2674335031,shop=supermarket
"Salida, CA",,retail,452210,Dillard's,,+1 209-477-1230,https://www.dillards.com/stores/california/weberstown-mall-stockton/0960,37.9935109,-121.3114094,,,n_2675775140,"shop=department_store, brand=Dillard's"
"Salida, CA",,retail,446120,KJ Nails and Spa,,,,37.987591,-121.311635,,,n_2684512520,shop=beauty
"Salida, CA",,retail,452210,Macy's,,,https://www.macys.com/stores/ca/stockton/sherwood-place_338.html,37.9979499,-121.3133727,,,n_2686083700,"shop=department_store, brand=Macy's"
"Salida, CA",,retail,446120,Ulta Beauty,"5410 Pacific Avenue, Stockton, CA, 95207",+1 209-235-1209,https://www.ulta.com/stores/stockton-ca-314,38.0000786,-121.3145646,,,n_2690341499,"shop=beauty, brand=Ulta Beauty"
"Salida, CA",,retail,452210,Sears,,,,37.995853,-121.3124635,,,n_2690341506,"shop=department_store, brand=Sears"
"Salida, CA",,retail,452210,JCPenney,,,,37.9949792,-121.310403,,,n_2697114401,"shop=department_store, brand=JCPenney"
"Salida, CA",,retail,452319,Dollar Tree,,,https://www.dollartree.com/locations/ca/stockton/1263/,37.9869454,-121.3225685,,,n_2711826822,"shop=variety_store, brand=Dollar Tree"
"Salida, CA",,retail,446120,USA Nails,,,,37.989284,-121.3223764,,,n_2711826832,shop=beauty
"Salida, CA",,retail,445110,New Cambodian Market Asian Grocery,,,,37.9899373,-121.3228924,,,n_2711826834,shop=supermarket
"Salida, CA",,retail,445310,Shop N Go Liquor,,,,37.9897239,-121.3229811,,,n_2711826838,shop=alcohol
"Salida, CA",,retail,452319,99 Cents Only Stores,,,https://locations.99only.com/ca/stockton/discount-store-264.html,37.9896282,-121.323301,,,n_2711826840,"shop=variety_store, brand=99 Cents Only Stores"
"Salida, CA",,retail,446120,Coop Discount Beauty Suppyl,,,,37.9906192,-121.3214595,,,n_2711826854,shop=beauty
"Salida, CA",,retail,446120,Sir Gauun's,,,,37.9906424,-121.3213871,,,n_2711826855,shop=beauty
"Salida, CA",,retail,446120,Exclusive Beauty Salon,,,,37.987473,-121.3120857,,,n_2711826891,shop=beauty
"Salida, CA",,retail,446120,Curves,,,,37.987001,-121.311624,,,n_2711826906,"shop=beauty, brand=Curves"
"Salida, CA",,retail,446120,Pincurls,,,,37.9869188,-121.3119945,,,n_2711826908,shop=beauty
"Salida, CA",,retail,453110,Manteca Floral,,,,37.7940679,-121.2167173,,,n_2817326132,shop=florist
"Salida, CA",,retail,445120,Peters Market,,,,37.881134,-121.2756249,,,n_2961954614,shop=convenience
"Salida, CA",,retail,445110,Arteaga's,,,,37.9325555,-121.2838261,,,n_2961958294,shop=supermarket
"Salida, CA",,retail,445120,Elsumeri Market,,,,37.9491296,-121.2723074,,,n_2961960788,shop=convenience
"Salida, CA",,retail,445120,Shop N Buy Market,,,,37.9889137,-121.1955836,,,n_2961967110,shop=convenience
"Salida, CA",,retail,445120,Quick Stop,,,,37.9954169,-121.1702227,,,n_2961967446,shop=convenience
"Salida, CA",,retail,445110,Dollar General Market,"Stockton, CA",+1 209-684-0361,https://www.dollargeneral.com/store-directory/ca/stockton/13632,37.9803567,-121.2577097,,,n_2962107269,"shop=supermarket, brand=Dollar General"
"Salida, CA",,retail,445110,La Superior,,,,37.972345,-121.2678189,,,n_2962113719,shop=supermarket
"Salida, CA",,retail,445110,The Farm Bowl,,,,38.0202712,-121.2035253,,,n_2983921261,shop=supermarket
"Salida, CA",,retail,452319,Family Dollar,,,,37.9663994,-121.3021899,,,n_2983924051,"shop=variety_store, brand=Family Dollar"
"Salida, CA",,retail,445120,Danny's Market,"701 Airport Way, 95205",(209) 460-1830,,37.9624446,-121.2764803,,,n_2983926842,shop=convenience
"Salida, CA",,retail,445120,Madison Market,,,,37.9599251,-121.2955187,,,n_2983940102,shop=convenience
"Salida, CA",,retail,445310,Green Frog Liquor & Deli,,,,37.9564077,-121.3001341,,,n_2983971676,shop=alcohol
"Salida, CA",,retail,445120,ampm,,,,37.536194,-120.8886764,,,n_3003273117,"shop=convenience, brand=ampm"
"Salida, CA",,retail,445110,Cost Less Food,,,,37.776124,-120.854776,,,n_3061220233,shop=supermarket
"Salida, CA",,retail,445110,Big Boy,,,,37.794941,-120.985255,,,n_3061240233,shop=supermarket
"Salida, CA",,retail,452210,dd's Discounts,,,,37.785639,-121.254452,,,n_3061276733,"shop=department_store, brand=dd's Discounts"
"Salida, CA",,retail,446120,Hilmar Beauty Salon,"8265 North Lander Avenue, Hilmar, 95324",,,37.4080927,-120.8502437,,,n_3171712560,shop=beauty
"Salida, CA",,retail,446120,Curl Country,"8384 North Lander Avenue, Hilmar, 95324",,,37.4097692,-120.8497172,,,n_3171712574,shop=beauty
"Salida, CA",,retail,445110,Hilmar Market,"19953 West American Avenue, Hilmar, 95324",,,37.4108749,-120.848937,,,n_3171712663,shop=supermarket
"Salida, CA",,retail,446120,Majestic Hair Salon,"19957 West American Avenue, Hilmar, 95324",,,37.410772,-120.8489363,,,n_3172166968,shop=beauty
"Salida, CA",,retail,445120,Circle K,,,,37.9304329,-121.0011192,,,n_3192101769,shop=convenience
"Salida, CA",,retail,446120,Bliss Salon & Spa,,,,37.5311062,-120.8868756,,,n_3222039264,shop=beauty
"Salida, CA",,retail,445110,Save Mart,,,,37.7981463,-121.238931,,,n_3251650667,"shop=supermarket, brand=Save Mart"
"Salida, CA",,retail,446120,Vanessa's Nail Spa,,,,37.6888779,-121.0140125,,,n_3326331864,shop=beauty
"Salida, CA",,retail,446120,Nails By David Lee,"3507 Tully Road, Modesto, CA, 95356",+1-209-492-9454,,37.6904896,-121.0132675,,,n_3326332776,shop=beauty
"Salida, CA",,retail,446120,Planet Beach,,,,37.6888755,-121.0137495,,,n_3326332863,shop=beauty
"Salida, CA",,retail,445110,Grocery Outlet,,,,37.7754159,-120.8532916,,,n_3364661724,shop=supermarket
"Salida, CA",,retail,445310,7-11 Liquors,,,,37.6203576,-120.9859217,,,n_3466883799,shop=alcohol
"Salida, CA",,retail,445310,A.V.A. Liquors,,,,37.6100219,-120.9941084,,,n_3466883805,shop=alcohol
"Salida, CA",,retail,445110,Super Mercado,,,,37.6100056,-120.9940854,,,n_3466883806,shop=supermarket
"Salida, CA",,retail,452319,Family Dollar,,,,37.6018972,-120.9931586,,,n_3466883809,"shop=variety_store, brand=Family Dollar"
"Salida, CA",,retail,445120,Charlie's Market,,,,37.537656,-120.9930474,,,n_3466883811,shop=convenience
"Salida, CA",,retail,452319,Dollar Tree,,,https://www.dollartree.com/locations/ca/patterson/3737/,37.4654672,-121.1436666,,,n_3466883817,"shop=variety_store, brand=Dollar Tree"
"Salida, CA",,retail,445120,Lion's Market,,,,37.6251608,-120.9935218,,,n_3466886631,shop=convenience
"Salida, CA",,retail,452319,Dollar Tree,,,https://www.dollartree.com/locations/ca/turlock/3953/,37.5206487,-120.8895188,,,n_3524711943,"shop=variety_store, brand=Dollar Tree"
"Salida, CA",,retail,452319,Dollar Tree,"2425 McHenry Avenue, Modesto, 95350",,https://www.dollartree.com/locations/ca/modesto/1266/,37.6774347,-120.9952705,,,n_3524711949,"shop=variety_store, brand=Dollar Tree"
"Salida, CA",,retail,452210,JCPenney,,,,37.5092291,-120.874947,,,n_3524712654,"shop=department_store, brand=JCPenney"
"Salida, CA",,retail,452210,Macy's,"500 Vintage Faire Mall, Modesto, CA, 95356",(209) 575-3333,https://www.macys.com/stores/ca/modesto/vintage-faire-mall_335.html,37.6893837,-121.0532185,,,n_3549094986,"shop=department_store, brand=Macy's"
"Salida, CA",,retail,445110,Grocery Outlet,,,,37.9669929,-121.2735073,,,n_3748097156,"shop=supermarket, brand=Grocery Outlet"
"Salida, CA",,retail,446110,Rite Aid,,,https://www.riteaid.com/locations/ca/stockton/1050-north-wilson-way.html,37.9669032,-121.2740765,,,n_3748097976,"shop=chemist, brand=Rite Aid"
"Salida, CA",,retail,452319,,,,,37.9715348,-121.269595,,,n_3748097980,shop=variety_store
"Salida, CA",,retail,445310,Discount Liquor,,,,37.9705795,-121.277769,,,n_3748097995,shop=alcohol
"Salida, CA",,retail,446120,Top Nails,,,,37.9672696,-121.2943221,,,n_3862261006,shop=beauty
"Salida, CA",,retail,453110,,,,,37.9670446,-121.2940586,,,n_3862262086,shop=florist
"Salida, CA",,retail,445120,Gong's,,,,37.9674156,-121.2930431,,,n_3862262087,shop=convenience
"Salida, CA",,retail,445110,Super King,"6045 North El Dorado Street, Stockton, CA, 95207",+1-209-474-6645,http://superkingfoods.com,38.0080914,-121.310022,,,n_3862262159,shop=supermarket
"Salida, CA",,retail,445120,Save Market,,,,37.9388629,-121.2883198,,,n_3864110578,shop=convenience
"Salida, CA",,retail,452319,Factory 2-U,,,,37.9545844,-121.2831037,,,n_3864110966,shop=variety_store
"Salida, CA",,retail,445120,ampm,,,,37.9373844,-121.293139,,,n_3864112562,"shop=convenience, brand=ampm"
"Salida, CA",,retail,445120,7-Eleven,,,,37.7231108,-121.5321226,,,n_4009650983,shop=convenience
"Salida, CA",,retail,445120,ampm,"85 East Louise Avenue, Lathrop, CA, 95330",,,37.8122718,-121.294342,,,n_4047455223,"shop=convenience, brand=ampm"
"Salida, CA",,retail,445120,ampm,"1617 West Fremont Street, Stockton, CA, 95203",,,37.9547083,-121.313918,,,n_4047462989,"shop=convenience, brand=ampm"
"Salida, CA",,retail,453110,Silveria's Flowers,,,,38.0104226,-121.323837,,,n_4093400976,shop=florist
"Salida, CA",,retail,445310,MFL Liquors,,,,38.0109364,-121.2949161,,,n_4093400978,shop=alcohol
"Salida, CA",,retail,445310,El Dorado Liquor,,,,37.9862699,-121.3013724,,,n_4093403613,shop=alcohol
"Salida, CA",,retail,452319,Dollar General,,,https://www.dollargeneral.com/store-directory/ca/stockton/14130,37.9860857,-121.302138,,,n_4093403709,"shop=variety_store, brand=Dollar General"
"Salida, CA",,retail,445110,Food 4 Less,,,,37.9120488,-121.2928851,,,n_4173374431,"shop=supermarket, brand=Food 4 Less"
"Salida, CA",,retail,445110,Denise's Farmers Market,,,,37.7786675,-121.317455,,,n_4173374433,shop=supermarket
"Salida, CA",,retail,445310,Tower Mart Liquor,,,,37.8122013,-121.220603,,,n_4216515151,shop=alcohol
"Salida, CA",,retail,445110,La Reina Supermarket,,,,37.8125392,-121.2767898,,,n_4216515153,shop=supermarket
"Salida, CA",,retail,445310,Spring Water,"217 East Louise Avenue, Lathrop, CA, 95330",,,37.8122264,-121.2922566,,,n_4216515154,shop=beverages
"Salida, CA",,retail,446120,Salinda's Salon,,,,37.8115839,-121.2347138,,,n_4216518487,shop=beauty
"Salida, CA",,retail,445120,City Food & Liquor,,,,37.8123634,-121.2830244,,,n_4216518891,shop=convenience
"Salida, CA",,retail,452210,Big Lots,"3900 Sisk Road, Modesto, CA, 95356",+1 209-545-5390,https://local.biglots.com/ca/modesto/3900-sisk-road,37.6960105,-121.0661639,,,n_4217628110,"shop=department_store, brand=Big Lots"
"Salida, CA",,retail,446120,Mena & Company Salon,"3900 Pelandale Avenue, Modesto, CA",,,37.6984972,-121.0675436,,,n_4217844636,shop=beauty
"Salida, CA",,retail,453991,Smoke Zone,"3900 Pelandale Avenue, Modesto, CA",,,37.6984363,-121.0674543,,,n_4217848943,shop=tobacco
"Salida, CA",,retail,446120,Vicki's Nails,"3900 Pelandale Avenue, Modesto, CA",,,37.6997038,-121.0662653,,,n_4217888647,shop=beauty
"Salida, CA",,retail,445120,River Road General Store,,,,37.7834148,-120.8582226,,,n_4388522122,shop=convenience
"Salida, CA",,retail,446120,Central Valley Dermatology,"423 Lincoln Center, Stockton, CA, 95207",+1-209-477-7546,https://cvderm.com/,38.010834,-121.3233426,,,n_4564853616,shop=beauty
"Salida, CA",,retail,452210,Big Lots,"1717 Oakdale Road, Modesto, CA, 95355",+1 209-574-0218,https://local.biglots.com/ca/modesto/1717-oakdale-rd,37.6682613,-120.959038,,,n_4567868784,"shop=department_store, brand=Big Lots"
"Salida, CA",,retail,446120,Tina's Nails,"1717 Oakdale Road, Ste.#H, Modesto, CA, 95355",,,37.6683378,-120.9583393,,,n_4567868791,shop=beauty
"Salida, CA",,retail,445120,7-Eleven,"7647 Pacific Avenue, Stockton, CA, 95207",+1 209-476-8669,https://www.7-eleven.com/locations/ca/stockton/7647-pacific-ave-34451,38.0191104,-121.3242739,,,n_4611578313,"shop=convenience, brand=7-Eleven"
"Salida, CA",,retail,452319,Dollar Tree,,,https://www.dollartree.com/locations/ca/stockton/3771/,38.017936,-121.3205934,,,n_4611578317,"shop=variety_store, brand=Dollar Tree"
"Salida, CA",,retail,445110,Save Mart,,,,38.0178015,-121.321243,,,n_4611578318,"shop=supermarket, brand=Save Mart"
"Salida, CA",,retail,445110,Smart & Final Extra!,"744 West Hammer Lane, Stockton, CA, 95210",,,38.0198085,-121.322596,,,n_4611578321,"shop=supermarket, brand=Smart & Final"
"Salida, CA",,retail,452210,TJ Maxx,,,,38.0197459,-121.3221384,,,n_4611578323,"shop=department_store, brand=TJ Maxx"
"Salida, CA",,retail,445110,O'Briens,,,,37.6995089,-121.0485105,,,n_4755290398,shop=supermarket
"Salida, CA",,retail,452210,TJ Maxx,"3900 Sisk Road, 95356",,,37.6925517,-121.061243,,,n_4755299659,"shop=department_store, brand=TJ Maxx"
"Salida, CA",,retail,445110,Grocery Depot,,,,37.7715903,-120.8347871,,,n_4823852260,shop=supermarket
"Salida, CA",,retail,445120,7-Eleven,"711 East F Street, Oakdale, CA, 95361",+1 209-847-8535,https://www.7-eleven.com/locations/ca/oakdale/711-east-f-street-24490,37.7679994,-120.8428939,,,n_4823879288,"shop=convenience, brand=7-Eleven"
"Salida, CA",,retail,445110,SaveMart,"1449 East F Street, Oakdale, CA, 95361",,,37.7707531,-120.8319115,,,n_4823894234,shop=supermarket
"Salida, CA",,retail,445310,Circle D Liquors,,,,37.7700864,-120.8366097,,,n_4823924500,shop=alcohol
"Salida, CA",,retail,445310,Paul's Liquor,,,,37.7690671,-120.8396143,,,n_4823925496,shop=alcohol
"Salida, CA",,retail,445110,Mexico Market,,,,37.7689625,-120.8400679,,,n_4823927745,shop=supermarket
"Salida, CA",,retail,453110,,,,,37.7664598,-120.8478059,,,n_4823935136,shop=florist
"Salida, CA",,retail,445310,Pop N Cork,,,,37.526341,-120.8627146,,,n_5061265642,shop=alcohol
"Salida, CA",,retail,446120,Happiness Nails & Spa,,,,37.5214527,-120.8837353,,,n_5271583233,shop=beauty
"Salida, CA",,retail,446120,Bath & Body Works,,,,37.5202517,-120.8831172,,,n_5271583244,"shop=cosmetics, brand=Bath & Body Works"
"Salida, CA",,retail,453110,Fresh Ideas Flower Co,"1302 9th Street, Modesto, CA, 95354",+1-209-572-0287,https://freshideasmodesto.com,37.6430794,-121.0046651,,,n_5305839981,shop=florist
"Salida, CA",,retail,445110,Save Mart,"2916 East Whitmore Avenue, Cerres, CA, 95307",+1-209-538-4118,,37.5930719,-120.9399246,,,n_5429874749,"shop=supermarket, brand=Save Mart"
"Salida, CA",,retail,446191,Vitality Bowls,"882 Lifestyle Street, Manteca, CA, 95337",,,37.7808683,-121.2283677,,,n_6199233871,shop=health_food
"Salida, CA",,retail,446120,Fabulous Nails,"1430 Grove Avenue, Manteca, CA, 95337",,,37.7806759,-121.2285692,,,n_6199233872,shop=beauty
"Salida, CA",,retail,446120,Ten Perfect Nails,,,,37.7375033,-121.4508316,,,n_6214944417,shop=beauty
"Salida, CA",,retail,453991,Smoker's Gift Shop,,,,37.7380215,-121.45068,,,n_6214944423,shop=tobacco
"Salida, CA",,retail,445310,Lakeside Liquor,"2233 Grand Canal Boulevard, Stockton, CA, 95207",,,37.9847443,-121.3345344,,,n_6215275789,shop=alcohol
"Salida, CA",,retail,446120,Rose Nails,"2233 Grand Canal Boulevard, Stockton, CA, 95207",,,37.9851137,-121.3334019,,,n_6215275795,shop=beauty
"Salida, CA",,retail,446120,Diva Nails,"237 East Louise Avenue, Lathrop, CA, 95330",,,37.8124711,-121.2922559,,,n_6216971449,shop=beauty
"Salida, CA",,retail,446120,Angel's Beauty Salon,"213 East Louise Avenue, Lathrop, CA, 95330",,,37.8121613,-121.2922561,,,n_6216971450,shop=beauty
"Salida, CA",,retail,453991,VaporWorkz,"2233 Grand Canal Boulevard, Stockton, CA, 95207",,,37.9846549,-121.3344484,,,n_6235134553,shop=tobacco
"Salida, CA",,retail,446120,Sand Dollar Organic Day Spa,"2324 Grand Canal Boulevard, Stockton, CA, 95207",,,37.9837554,-121.3358335,,,n_6236225681,shop=beauty
"Salida, CA",,retail,446120,Artistry Nails,"2222 Grand Canal Boulevard, Stockton, CA, 95207",+1-209-323-5862,https://www.artistrynails.net/,37.9843952,-121.3332977,,,n_6236321624,shop=beauty
"Salida, CA",,retail,446120,Thyme Out Day Spa,"2222 Grand Canal Boulevard, Stockton, CA, 95207",,,37.9844336,-121.3332478,,,n_6236321625,shop=beauty
"Salida, CA",,retail,445310,Wine Wizards,"2222 Grand Canal Boulevard, Stockton, CA, 95207",,,37.9845759,-121.3331466,,,n_6236321627,shop=wine
"Salida, CA",,retail,452210,Ross,"2483 Naglee Road, Tracy, CA, 95304",+1 209-830-1182,,37.7582087,-121.4683185,,,n_6569352210,"shop=department_store, brand=Ross"
"Salida, CA",,retail,452210,Marshalls,"2481 Naglee Road, Tracy, CA, 95304",,,37.7578641,-121.4683151,,,n_6569352211,"shop=department_store, brand=Marshalls"
"Salida, CA",,retail,446120,Ulta Beauty,"2475 Naglee Road, Tracy, CA, 95304",+1 209-832-7361,https://www.ulta.com/stores/tracy-ca-579,37.7578641,-121.4664667,,,n_6569352228,"shop=beauty, brand=Ulta Beauty"
"Salida, CA",,retail,445310,Cork and Barrel,"263 East Louise Avenue, Lathrop, CA, 95330",,https://corkandbarrelwine.com/,37.8123474,-121.2922566,,,n_6610964475,shop=wine
"Salida, CA",,retail,446120,Trend Beauty Salon,"1452 D Street, Stockton, CA",,,37.9727557,-121.2668562,,,n_6653185306,shop=beauty
"Salida, CA",,retail,452319,99 Cents Only Stores,,,https://locations.99only.com/ca/tracy/discount-store-433.html,37.7525269,-121.4694974,,,n_6795644349,"shop=variety_store, brand=99 Cents Only Stores"
"Salida, CA",,retail,445120,ampm,,,,37.7005696,-121.0735765,,,n_6959345707,"shop=convenience, brand=ampm, operator=ARCO"
"Salida, CA",,retail,445110,,,,,37.733742,-120.9354079,,,n_7434921733,shop=supermarket
"Salida, CA",,retail,445110,,,,,37.7346278,-120.9354384,,,n_7434921735,shop=supermarket
"Salida, CA",,retail,445110,,,,,37.7342484,-120.9368328,,,n_7434921736,shop=supermarket
"Salida, CA",,retail,445310,,,,,37.7329711,-120.9464995,,,n_7434921771,shop=alcohol
"Salida, CA",,retail,446110,CVS Pharmacy,,,https://www.cvs.com/store-locator/riverbank-ca-pharmacies/2224-patterson-rd-riverbank-ca-95367/storeid=3079,37.7315729,-120.9575666,,,n_7434996792,"shop=chemist, brand=CVS Pharmacy"
"Salida, CA",,retail,445310,BevMo!,,,,37.7113417,-120.9561092,,,n_7435012345,"shop=alcohol, brand=BevMo!"
"Salida, CA",,retail,445120,Circle K,,,,37.7977593,-121.25294,,,n_9005376690,"shop=convenience, brand=Circle K"
"Salida, CA",,retail,452210,Target,"3900 Sisk Road, Modesto, CA, 95356",+1 209-543-9561,https://www.target.com/sl/modesto-sisk-rd/938,37.6938934,-121.062858,,,n_9124268317,"shop=department_store, brand=Target"
"Salida, CA",,retail,445120,7-Eleven,"2725 Country Club Boulevard, Stockton, CA, 95204",+1 209-463-1259,https://www.7-eleven.com/locations/ca/stockton/2725-country-club-bvd-14117,37.964352,-121.3370177,,,n_9181552134,"shop=convenience, brand=7-Eleven"
"Salida, CA",,retail,452210,Big Lots,"2720 Country Club Boulevard, Stockton, CA, 95204",+1 209-941-8726,https://local.biglots.com/ca/stockton/2720-country-club-blvd,37.9632669,-121.3367508,,,n_9181552135,"shop=department_store, brand=Big Lots"
"Salida, CA",,retail,445120,Speedway,"2705 Country Club Boulevard, Stockton, CA, 95204",,https://www.speedway.com/locations/CA/Stockton/2705-COUNTRY-CLUB-BLVD,37.9645449,-121.3366371,,,n_9181552143,"shop=convenience, brand=Speedway"
"Salida, CA",,retail,445110,SF Supermarket,"8004 West Lane, Stockton, CA, 95210",+1-209-478-9988,https://shunfatsupermarket.com,38.0227801,-121.293185,,,n_9335983290,"shop=supermarket, brand=SF Supermarket"
"Salida, CA",,retail,452210,Ross,"3702 East Hammer Lane, Stockton, CA, 95212",+1 209-476-1247,,38.0187832,-121.2690249,,,n_9348038637,"shop=department_store, brand=Ross"
"Salida, CA",,retail,452210,Burlington,"3702 East Hammer Lane, Stockton, CA, 95212",+1 209-477-6227,https://www.burlington.com/store-details/stockton-ca-571,38.0186165,-121.269774,,,n_9348038638,"shop=department_store, brand=Burlington"
"Salida, CA",,retail,445120,76,,,,38.002698,-121.2851459,,,n_9351121016,"shop=convenience, brand=76"
"Salida, CA",,retail,446120,True Touch Nails and Spa,,,,37.8237885,-121.2873113,,,n_9511842449,shop=beauty
"Salida, CA",,retail,445110,Indian Market,,,,37.8244271,-121.2873084,,,n_9511842451,shop=supermarket
"Salida, CA",,retail,453991,Vape & Cigarette City,,,,37.8233074,-121.2874589,,,n_9511842476,shop=tobacco
"Salida, CA",,retail,446120,Eyebrow Masters,,,,37.823309,-121.2886886,,,n_9511842477,shop=beauty
"Salida, CA",,retail,445120,Two Guys Food & Fuel,,,,37.8266842,-121.2872715,,,n_9511869429,shop=convenience
"Salida, CA",,retail,446120,Le Nail and Spa,,,,38.0205554,-121.2767666,,,n_9514445715,shop=beauty
"Salida, CA",,retail,446120,Indian Threads Beauty & Spa,,,,38.0205535,-121.2768403,,,n_9514445716,shop=beauty
"Salida, CA",,retail,446120,Ebony Beauty Supply,,,,38.0231141,-121.2936341,,,n_9514483424,shop=beauty
"Salida, CA",,retail,445120,,,,,37.6749377,-120.9946337,,,n_9571544717,shop=convenience
"Salida, CA",,retail,445120,ExtraMile,"1600 Sisk Road, Modesto, CA, 95350",,,37.6681625,-121.032451,,,n_9571838926,"shop=convenience, brand=ExtraMile"
"Salida, CA",,retail,445120,Food Mart,,,,37.6680917,-121.0330185,,,n_9571838927,shop=convenience
"Salida, CA",,retail,445120,76,"1521 North Carpenter Road, Modesto, CA, 95356",+1-209-521-3641,,37.658131,-121.0316517,,,n_9571838941,"shop=convenience, brand=76"
"Salida, CA",,retail,445120,,,,,37.6601398,-121.030605,,,n_9571838948,shop=convenience
"Salida, CA",,retail,453991,Up 'N Smoke Smoke Shop,"344 West Grant Line Road, Tracy, CA, 95376",+1-209-597-5556,,37.7537393,-121.431317,,,n_9702185410,shop=tobacco
"Salida, CA",,retail,445120,ampm,,,,37.7979152,-121.1895085,,,n_9826766003,"shop=convenience, brand=ampm"
"Salida, CA",,retail,445120,,,,,37.5971089,-120.9943472,,,n_9826861570,shop=convenience
"Salida, CA",,retail,445120,,,,,37.5662961,-120.9944592,,,n_9826861572,shop=convenience
"Salida, CA",,retail,445120,,,,,37.4494229,-120.8484639,,,n_9826861573,shop=convenience
"Salida, CA",,retail,445120,,,,,37.5807953,-120.9380092,,,n_9934964311,shop=convenience
"Salida, CA",,retail,446110,CVS Pharmacy,,,https://www.cvs.com/store-locator/tracy-ca-pharmacies/1885-w-11th-st-tracy-ca-95376/storeid=3908,37.7407252,-121.451302,,,n_10003578248,"shop=chemist, brand=CVS Pharmacy"
"Salida, CA",,retail,452319,Dollar General,,,https://www.dollargeneral.com/store-directory/ca/manteca/14353,37.797935,-121.2047526,,,n_10010581549,"shop=variety_store, brand=Dollar General"
"Salida, CA",,retail,446120,Victoria's Secret,,,,37.9940044,-121.3112836,,,n_10274374809,shop=beauty
"Salida, CA",,retail,452319,BoxLunch,,,,37.9940949,-121.3114265,,,n_10274375509,shop=variety_store
"Salida, CA",,retail,445120,Freshwoods Market,,,,37.7851014,-121.2636968,,,n_10892571318,shop=convenience
"Salida, CA",,retail,445292,Great Wolf Candy Company,,,,37.7852095,-121.2633778,,,n_10892571320,shop=confectionery
"Salida, CA",,retail,452319,Dollar Tree,,,https://www.dollartree.com/locations/ca/modesto/1216/,37.6733032,-121.0346592,,,n_11018620252,"shop=variety_store, brand=Dollar Tree"
"Salida, CA",,retail,446120,Ulta Beauty,"2407 Claribel Road, Riverbank, CA, 95367",+1 209-863-8890,https://www.ulta.com/stores/riverbank-ca-784,37.7119801,-120.9541325,,,n_11055420568,"shop=cosmetics, brand=Ulta Beauty"
"Salida, CA",,retail,445310,M&B Minit Mart & Liquor,"2307 Oakdale Road, Modesto, CA, 95355",+12095510919,https://starmarket2.business.site/,37.6751672,-120.9580784,,,n_11251863769,shop=alcohol
"Salida, CA",,retail,453110,The Country Shelf Floral & Gifts,"2307 Oakdale Road, Modesto, CA, 95355",+12095210002,https://www.thecountryshelffloral.com/?y_source=1_MjA4OTM1NDMtNzE1LWxvY2F0aW9uLndlYnNpdGU%3D,37.6753826,-120.958137,,,n_11251863770,shop=florist
"Salida, CA",,retail,445310,Liquor Box,"2601 Oakdale Road, Modesto, CA, 95355",+12093129335,http://places.singleplatform.com/liquor-box-1/menu?ref=google,37.6783057,-120.9592443,,,n_11251863774,shop=alcohol
"Salida, CA",,retail,452319,Dollar Tree,"2601 Oakdale Road, Modesto, CA, 95355",+12097188336,https://www.dollartree.com/locations/ca/modesto/2351/,37.6785107,-120.9592473,,,n_11251863775,"shop=variety_store, brand=Dollar Tree"
"Salida, CA",,retail,453991,Modesto Smoke Shop,"2601 Oakdale Road, Modesto, CA, 95355",+12096220653,,37.6792171,-120.9581974,,,n_11251863778,shop=tobacco
"Salida, CA",,retail,446120,NT Nail Spa,"3401 Oakdale Road, Modesto, CA, 95355",+1-209-661-4914,https://ntnailspa.com/,37.6882442,-120.9597407,,,n_11251863795,shop=beauty
"Salida, CA",,retail,445120,Stop And Save,"3460 Oakdale Road, Modesto, CA, 95355",+12095516978,,37.6886053,-120.9574976,,,n_11251863797,shop=convenience
"Salida, CA",,retail,446120,5 Star Nails,"2101 Sylvan Avenue, Modesto, CA, 95355",+1-209-576-8290,https://5starnail.com/,37.6895034,-120.9597892,,,n_11252008807,shop=beauty
"Salida, CA",,retail,445110,Guru Indian Grocery,"3460 Oakdale Road, Modesto, CA, 95355",+1-209-360-2674,https://www.facebook.com/Guru-Indian-Grocery-109934823809165/,37.6886231,-120.9568863,,,n_11256355152,shop=supermarket
"Salida, CA",,retail,446120,NT Nail Spa,"3500 Coffee Road, Modesto, CA, 95355",+1-209-551-3897,https://www.ntnailspa.com/,37.6901494,-120.9755057,,,n_11256355167,shop=beauty
"Salida, CA",,retail,445120,ampm,,,,37.9347003,-121.2376463,,,n_11492226485,"shop=convenience, brand=ampm"
"Salida, CA",,retail,446110,Walgreens,"2040 East Mariposa Road, Stockton, CA, 95205",,https://www.walgreens.com/locator/walgreens-2040+e+mariposa+rd-stockton-ca-95205/id=12549,37.9388146,-121.2431596,,,n_11492273640,"shop=chemist, brand=Walgreens"
"Salida, CA",,retail,452319,Family Dollar,,,,37.9394308,-121.2441465,,,n_11492273650,"shop=variety_store, brand=Family Dollar"
"Salida, CA",,retail,445110,Save Mart,"875 South Tracy Boulevard, Tracy, CA, 95376",,,37.72399,-121.4367455,,,n_11643324687,"shop=supermarket, brand=Save Mart"
"Salida, CA",,retail,445120,ExtraMile,,,,37.7619386,-121.4138968,,,n_11650879599,"shop=convenience, brand=ExtraMile"
"Salida, CA",,retail,446120,Amazing Nails & Spa,,+1 209 634 1454,https://amazingnailsspaturlock.com/,37.5212933,-120.8749899,,,n_11738040257,shop=beauty
"Salida, CA",,retail,445120,Quik Stop,,+1 209 667 0185,https://www.quikstop.com/,37.5214667,-120.8760935,,,n_11738043272,"shop=convenience, brand=Quik Stop"
"Salida, CA",,retail,453991,Patterson Discount Cigarette & More,"106 E Las Palmas Ave, #C, Patterson, CA, 95363",209-892-6627,https://pattersondiscountcigarette.com,37.4725373,-121.1270931,,,n_11786361412,"shop=tobacco, operator=Raad Rashed"
"Salida, CA",,retail,446120,Jennifer's Nails & Spa,"120 West Monte Vista Avenue, Turlock, CA, 95382",,,37.521521,-120.8501391,,,n_11863326263,shop=beauty
"Salida, CA",,retail,446120,Renū Salon & Spa,"140 South Center Street, Turlock, CA, 95380",+1 209 250 0777,,37.4945195,-120.8445435,,,n_11930216868,shop=beauty
"Salida, CA",,retail,452319,Dollar General,"940 East Whitmore Avenue, Ceres, CA, 95307",,,37.5943342,-120.9808137,,,n_11963236346,"shop=variety_store, brand=Dollar General"
"Salida, CA",,retail,452319,Dollar Tree,"2600 Crows Landing Road, Ceres, CA, 95307",,https://www.dollartree.com/locations/ca/modesto/6279/,37.5936166,-120.9929521,,,n_11963236347,"shop=variety_store, brand=Dollar Tree"
"Salida, CA",,retail,445110,Classic Wine Vinegar Co.,"4110 Brew Master Drive, Ceres, CA, 95307",,,37.5789123,-120.9799027,,,n_11969896817,shop=supermarket
"Salida, CA",,retail,445310,Liquor Locker,"1424 E Whitmore Avenue, Ceres, CA, 95307",,,37.5944491,-120.9696402,,,n_11970663176,shop=alcohol
"Salida, CA",,retail,446120,ARCHED by Alyssa,"704 I Street, Modesto, CA, 95354",+1-209-988-8087,,37.6374188,-121.0016914,,,n_11978928024,shop=beauty
"Salida, CA",,retail,446110,Rite Aid,"1707 McHenry Avenue, Modesto, CA, 95350",,https://www.riteaid.com/locations/ca/modesto/1707-mchenry-avenue.html,37.6698925,-120.9947886,,,n_11990881840,"shop=chemist, brand=Rite Aid"
"Salida, CA",,retail,445110,Sprouts Farmers Market,"1700 McHenry Avenue, Modesto, CA, 95350",,,37.6694806,-120.9931687,,,n_11990881843,"shop=supermarket, brand=Sprouts Farmers Market"
"Salida, CA",,retail,446120,Venetian Nail Spa,"1700 McHenry Avenue, Modesto, CA, 95350",,,37.668733,-120.9928107,,,n_11990881848,shop=beauty
"Salida, CA",,retail,446120,It's hella Good Skincare,"1700 McHenry Avenue, Modesto, CA, 95350",,,37.6686368,-120.9921195,,,n_11990881851,shop=cosmetics
"Salida, CA",,retail,446120,Magic Nail,"1700 McHenry Ave, Modesto, CA, 95350",,,37.6695657,-120.9913494,,,n_11990881859,shop=beauty
"Salida, CA",,retail,453991,A-Z Smoke Shop & T-Shirts,"1410 Carver Road, Modesto, CA, 95350",,,37.6646946,-121.021723,,,n_11999349418,shop=tobacco
"Salida, CA",,retail,446120,Hollywood Nails & Hair Design,"1414 Carver Road, Modesto, CA, 95350",+1-209-523-3875,,37.6648079,-121.0217248,,,n_11999349420,shop=beauty
"Salida, CA",,retail,445310,Stop'n Save Liquor,"1416 Carver Road, Modesto, CA, 95350",,,37.6649039,-121.0217234,,,n_11999349421,shop=alcohol
"Salida, CA",,retail,452210,Target,"3405 McHenry Avenue, Modesto, CA, 95350-1445",+1 209-572-3341,https://www.target.com/sl/modesto-mchenry-ave/273,37.6873429,-120.9960041,,,n_12035679399,"shop=department_store, brand=Target"
"Salida, CA",,retail,446120,European Wax Center,"2166 Daniels Street, 95337",+1(209)222-8973,http://locations.waxcenter.com,37.7860501,-121.2538419,,,n_12040022869,"shop=beauty, brand=European Wax Center"
"Salida, CA",,retail,445292,See's Candies,"2164 Daniels Street, 95337",+1(209)239-9546,http://chocolateshops.sees.com,37.7860438,-121.2537706,,,n_12040022969,"shop=confectionery, brand=See's Candies"
"Salida, CA",,retail,445110,Tienda Guatemalteca El Quetzal,"1069 North Wilson Way, Stockton, CA, 95205",,,37.9668564,-121.2747664,,,n_12098139222,shop=supermarket
"Salida, CA",,retail,445120,,,,,37.4654403,-121.1647823,,,n_12100180761,shop=convenience
"Salida, CA",,retail,445120,,,,,37.7558506,-121.1436197,,,n_12100186373,shop=convenience
"Salida, CA",,retail,445120,,,,,37.8561942,-121.276271,,,n_12101505075,shop=convenience
"Salida, CA",,retail,446110,Rite Aid,,,,37.7969669,-120.9920405,,,n_12217303218,"shop=chemist, brand=Rite Aid"
"Salida, CA",,retail,452210,Burlington,,,,37.7593737,-121.4592063,,,n_12310905717,"shop=department_store, brand=Burlington"
"Salida, CA",,retail,445110,Grocery Outlet,"1800 Prescott Road, Modesto, CA, 95350",+1 (209) 523-5349,,37.6730657,-121.0305779,,,n_12372624811,"shop=supermarket, brand=Grocery Outlet"
"Salida, CA",,retail,452210,American Freight,"1800 Prescott Road, Modesto, CA, 95350",+1 (209) 523-2602,https://www.americanfreight.com/store/ca/modesto/4684,37.6731037,-121.0301086,,,n_12372624812,"shop=department_store, brand=American Freight"
"Salida, CA",,retail,452210,dd's Discounts,1800 Prescott Road,,,37.6730815,-121.029661,,,n_12372624813,"shop=department_store, brand=dd's Discounts"
"Salida, CA",,retail,445310,Prescott Liquors,,,,37.6729218,-121.030907,,,n_12372745397,shop=alcohol
"Salida, CA",,retail,446120,City Nails,,,,37.6712907,-121.0308475,,,n_12372745398,shop=beauty
"Salida, CA",,retail,452210,dd's Discounts,,,,38.0195299,-121.2977021,,,n_12372809035,"shop=department_store, brand=dd's Discounts"
"Salida, CA",,retail,445120,,,,,37.9127227,-121.2955374,,,n_12406888085,shop=convenience
"Salida, CA",,retail,446120,Merry Nails & Spa,"1995 North Tracy Boulevard, Tracy, CA, 95376",+1-209-833-7979,,37.7506837,-121.436253,,,n_12468073310,shop=beauty
"Salida, CA",,retail,453991,Spark Smoke Shop,"2207 North Tracy Boulevard, Tracy, CA, 95376",+1-209-229-8299,,37.7523828,-121.4360014,,,n_12469128096,shop=tobacco
"Salida, CA",,retail,445310,Crown Liquors,"2321 North Tracy Boulevard, Tracy, CA, 95376",+1-209-835-2376,,37.7537778,-121.4360402,,,n_12471630812,shop=alcohol
"Salida, CA",,retail,445120,Quick Mart Liquor,"651 West Grant Line Road, Tracy, CA, 95376",+1-209-833-7979,,37.7544775,-121.4359335,,,n_12473907395,shop=convenience
"Salida, CA",,retail,446120,Milan Nails & Spa,"2509 North Tracy Boulevard, Tracy, CA, 95376",+1-209-833-7873,,37.7552479,-121.4367409,,,n_12476301340,shop=beauty
"Salida, CA",,retail,445120,Speedway,,,,37.7635078,-120.8531747,,,n_12478556105,"shop=convenience, brand=Speedway"
"Salida, CA",,retail,452319,Dollar Tree,"2691 North Tracy Boulevard, Tracy, CA, 95376",+1-209-229-2540,,37.756098,-121.4360775,,,n_12497517173,"shop=variety_store, brand=Dollar Tree"
"Salida, CA",,retail,446120,Moonlight Nail Spa,"3117 North Tracy Boulevard, Tracy, CA, 95376",+1-209-221-0075,,37.7601138,-121.4366796,,,n_12522214392,shop=beauty
"Salida, CA",,retail,453991,Cigarette Center,"3161 North Tracy Boulevard, Tracy, CA, 95376",+1-209-835-9783,,37.7602248,-121.4365842,,,n_12547906282,shop=tobacco
"Salida, CA",,retail,445110,Patterson Food Center,,,,37.4746115,-121.130868,,,n_12552871457,shop=supermarket
"Salida, CA",,retail,445120,Grab N Go,,,,37.4649395,-121.1763451,,,n_12552956040,shop=convenience
"Salida, CA",,retail,445110,Grocery Outlet,,,,37.4638166,-121.1746494,,,n_12552960334,"shop=supermarket, brand=Grocery Outlet"
"Salida, CA",,retail,445120,Love's,,,,37.4628852,-121.1758034,,,n_12586851558,"shop=convenience, brand=Love's"
"Salida, CA",,retail,445110,Grocery Outlet,"1330 West Main Street, Turlock, CA, 95380",+1 209 656 6600,,37.4914447,-120.8635663,,,n_12594987732,"shop=supermarket, brand=Grocery Outlet"
"Salida, CA",,retail,453991,VIP Smoke Shop,"2301 West Main Street, Turlock, CA, 95380",,,37.4940302,-120.8740803,,,n_12624175692,shop=tobacco
"Salida, CA",,retail,453991,Nor Cali Smoke Shop,,,,38.0217928,-121.2965779,,,n_12624186260,shop=tobacco
"Salida, CA",,retail,445110,Shah Groceries,"2353 West Main Street, Turlock, CA, 95380",,,37.4939875,-120.8757084,,,n_12624258902,shop=supermarket
"Salida, CA",,retail,446120,European Wax Center,,,,38.0020882,-121.3191448,,,n_12624602654,"shop=beauty, brand=European Wax Center"
"Salida, CA",,retail,446120,Pacific Tanning,"2852 West Monte Vista Avenue, Turlock, CA, 95380",,,37.5215207,-120.8797439,,,n_12626372119,shop=beauty
"Salida, CA",,retail,446120,Eyebrow Masters,"3070 Countryside Drive, Turlock, CA, 95380",,,37.5207356,-120.8807377,,,n_12626372123,shop=beauty
"Salida, CA",,retail,452210,Target,"3000 Countryside Drive, Turlock, CA, 95380",+1 209-632-0132,https://www.target.com/sl/turlock/1304,37.5208345,-120.8783374,,,n_12626372127,"shop=department_store, brand=Target"
"Salida, CA",,retail,446120,Queen's Nails,"2800 West Monte Vista Avenue, Turlock, CA, 95380",,,37.5213995,-120.8784819,,,n_12626372141,shop=beauty
"Salida, CA",,retail,446120,Cathy Nails,"1551 Geer Road, Turlock, CA, 95380-3200",+1 209 585 9112,,37.5065164,-120.8502459,,,n_12637473042,shop=beauty
"Salida, CA",,retail,446120,Sephora,"2751 Countryside Drive, Turlock, CA, 95380",,,37.5177375,-120.8820735,,,n_12655508212,"shop=cosmetics, brand=Sephora"
"Salida, CA",,retail,445292,See's Candies,,,,37.5195478,-120.8484975,,,n_12662376468,"shop=confectionery, brand=See's Candies"
"Salida, CA",,retail,453991,Smoke 4 Less,"2928 Geer Road, Turlock, CA, 95382",+1 209 250 0306,,37.5196938,-120.8474675,,,n_12662380819,shop=tobacco
"Salida, CA",,retail,446120,Mymy Nails,"2886 Geer Road, Turlock, CA, 95382",+1 209 656 8797,,37.5186117,-120.8474528,,,n_12662380824,shop=beauty
"Salida, CA",,retail,452319,Dollar Tree,"2860 Geer Road, Turlock, CA, 95382",,,37.5182404,-120.8474513,,,n_12662380827,"shop=variety_store, brand=Dollar Tree"
"Salida, CA",,retail,452319,Nessan Market,"2810 Geer Road, Turlock, CA, 95382",+1 209 664 9419,,37.5182189,-120.8482795,,,n_12662380832,shop=general
"Salida, CA",,retail,445310,Liquor Locker,"2735 Geer Road, Turlock, CA, 95382",,,37.5180511,-120.849422,,,n_12662380867,shop=alcohol
"Salida, CA",,retail,446120,Organic Nails & Spa,"2689 Geer Road, Turlock, CA, 95382",+1 209 620 8999,https://placejuice.com/organic-nails-and-spa-i2sqsue,37.5177605,-120.8499127,,,n_12662380920,shop=beauty
"Salida, CA",,retail,453110,Yonan's Floral & Decor,"2425 Geer Road, Turlock, CA, 95382",+1 209 664 9325,https://www.yonansfloral.net/,37.5152993,-120.8503681,,,n_12662380953,shop=florist
"Salida, CA",,retail,446120,Super Performance Beauty Salon,"2307 Geer Road, Turlock, CA, 95382",+1 209 667 9111,,37.5140256,-120.8506629,,,n_12663491378,shop=beauty
"Salida, CA",,retail,446120,Dina Yonan Gehring,"2307 Geer Road, Turlock, CA, 95382",+1 209 968 7777,,37.5140294,-120.8507912,,,n_12663491379,shop=beauty
"Salida, CA",,retail,452319,Best K Market,"2233 Geer Road, Turlock, CA, 95382",+1 209 632 5500,,37.5137125,-120.8496543,,,n_12663491390,shop=general
"Salida, CA",,retail,446120,"Skin, Lash + Love","629 East Main Street, Turlock, CA, 95380",+1 209 252 2007,,37.4980194,-120.8415801,,,n_12671054892,shop=beauty
"Salida, CA",,retail,446120,Fabulous Nails & Spa,"East Canal Drive, Turlock, CA, 95380",,,37.4994716,-120.8248132,,,n_12682386974,shop=beauty
"Salida, CA",,retail,445110,Village Fresh Market,"2056 East Canal Drive, Turlock, CA, 95380",+1 209 667 0572,,37.4995094,-120.8244549,,,n_12682386975,shop=supermarket
"Salida, CA",,retail,452319,Dollar Tree,"2094 East Canal Drive, Turlock, CA, 95380",,https://www.dollartree.com/locations/ca/turlock/4832/,37.4995083,-120.8242153,,,n_12682386977,"shop=variety_store, brand=Dollar Tree"
"Salida, CA",,retail,445110,Gold Star Market,"503 West Larch Road #G, Tracy, CA, 95304",+1-209-830-7600,,37.7657984,-121.4333068,,,n_12788613095,shop=supermarket
"Salida, CA",,retail,452319,Dollar General,"12000 Yosemite Boulevard, Waterford, CA, 95386",,,37.6377358,-120.7724076,,,n_12890587632,"shop=variety_store, brand=Dollar General"
"Salida, CA",,retail,446120,Pop Nails,,,,37.6889102,-121.0156919,,,n_12918499404,shop=beauty
"Salida, CA",,retail,445110,Stop 'N Save,,,,37.6898338,-121.0228547,,,n_12918513701,shop=grocery
"Salida, CA",,retail,445310,Liquor World,,,,37.6889239,-121.0107807,,,n_12920370401,shop=alcohol
"Salida, CA",,retail,446120,Serenity Nail Salon,,,,37.6889264,-121.0105173,,,n_12920370501,shop=beauty
"Salida, CA",,retail,446120,European Wax Center,,,,37.6877967,-121.0112464,,,n_12920406301,"shop=beauty, brand=European Wax Center"
"Salida, CA",,retail,445110,O'Brien's Market,"839 West Roseburg Avenue, Modesto, CA, 95350",,https://obriensmarket.com/location/504/,37.6614988,-121.0040926,,,n_12941565560,shop=supermarket
"Salida, CA",,retail,453991,Smoke Shop,,,,37.6820659,-120.9935382,,,n_12943535845,shop=tobacco
"Salida, CA",,retail,445110,Sunny's Food Mart,,,,37.6822333,-121.0318284,,,n_12945147729,shop=supermarket
"Salida, CA",,retail,445110,Spice Mart & Deli,,,,37.6822413,-121.0323551,,,n_12945147734,shop=supermarket
"Salida, CA",,retail,445310,Bottle -N- Cork Liquors,,,,37.6747496,-121.0134919,,,n_12947599111,shop=alcohol
"Salida, CA",,retail,453991,Vape Town,,,,37.67466,-121.013504,,,n_12947599112,shop=tobacco
"Salida, CA",,retail,452319,Deal Hunterz,,,,37.6745393,-121.013584,,,n_12947599113,shop=variety_store
"Salida, CA",,retail,445110,Dollar General Market,,,,37.6735757,-121.0131749,,,n_12947599121,"shop=supermarket, brand=Dollar General"
"Salida, CA",,retail,445292,Confetti Dulceria,,,,37.6737821,-121.0137637,,,n_12947599123,shop=confectionery
"Salida, CA",,retail,446120,Lili's Nails & Salon,,,,37.6737334,-121.0137309,,,n_12947599124,shop=beauty
"Salida, CA",,retail,452210,Burlington,,,,37.6733931,-120.9951389,,,n_12950003834,"shop=department_store, brand=Burlington"
"Salida, CA",,retail,452319,99¢ Only,,,,37.6752441,-120.9953578,,,n_12950015518,shop=variety_store
"Salida, CA",,retail,445110,Asian Market,,,,37.6772541,-120.9952693,,,n_12950020568,shop=supermarket
"Salida, CA",,retail,446120,Polished Nail & Spa,,,,37.6758155,-120.9953313,,,n_12950020939,shop=beauty
"Salida, CA",,retail,453991,Smokin Vets,,,,37.6754099,-120.9937524,,,n_12950021340,shop=tobacco
"Salida, CA",,retail,446120,Mosaic Salon,,,,37.6756297,-120.9937606,,,n_12950023902,shop=beauty
"Salida, CA",,retail,446120,The Color Lab,,,,37.678214,-120.9955354,,,n_12950041789,shop=beauty
"Salida, CA",,retail,445310,Liquor Land,,,,37.6801974,-120.9936736,,,n_12950042645,shop=alcohol
"Salida, CA",,retail,446120,Studio Bae,,,,37.6820414,-120.9955627,,,n_12950050852,shop=beauty
"Salida, CA",,retail,446120,Lovely Nails,,,,37.6821987,-120.9953953,,,n_12950056528,shop=beauty
"Salida, CA",,retail,446120,Luxury Perfumes,,,,37.6781248,-120.9955363,,,n_12950056812,shop=perfumery
"Salida, CA",,retail,445110,Smart & Final,,,,37.6835504,-121.0490918,,,n_12954610802,"shop=supermarket, brand=Smart & Final"
"Salida, CA",,retail,446120,Luxe Nails & Spa,,,,37.6836463,-121.0486728,,,n_12954616001,shop=beauty
"Salida, CA",,retail,445110,Save Mart,,,,37.6884555,-121.0324641,,,n_12954712302,"shop=supermarket, brand=Save Mart"
"Salida, CA",,retail,453110,Rose Garden,,,,37.6886722,-121.0318962,,,n_12954718502,shop=florist
"Salida, CA",,retail,453991,Cigarettes Dealer,,,,37.6883615,-121.0335895,,,n_12954733702,shop=tobacco
"Salida, CA",,retail,445120,7-Eleven,,,,37.6903473,-121.0319674,,,n_12954733704,"shop=convenience, brand=7-Eleven"
"Salida, CA",,retail,445210,La Reyna Meat Market,,,,37.6901003,-121.0325509,,,n_12954735804,shop=butcher
"Salida, CA",,retail,446120,Organic Nails Spa & Waxing,,,,37.6884003,-121.0336196,,,n_12954736001,shop=beauty
"Salida, CA",,retail,446120,Salon G,,,,37.6888446,-121.0339838,,,n_12954736401,shop=beauty
"Salida, CA",,retail,445310,Liquor Barn,,,,37.688625,-121.0307961,,,n_12954736702,shop=alcohol
"Salida, CA",,retail,446120,Nails by Steven,,,,37.6885821,-121.0309363,,,n_12954746001,shop=beauty
"Salida, CA",,retail,445120,College Market,,,,37.6743316,-121.0073169,,,n_12956863201,shop=convenience
"Salida, CA",,retail,446120,NT Nail Salon,,,,37.6712773,-120.9956498,,,n_12956863303,shop=beauty
"Salida, CA",,retail,453991,Lucky's Smoke Shop,,,,37.674637,-121.0067921,,,n_12956863401,shop=tobacco
"Salida, CA",,retail,445292,See's Candies,,,,37.6680805,-120.9936712,,,n_12956917201,"shop=confectionery, brand=See's Candies"
"Salida, CA",,retail,446120,Eyebrow Shapes Plus,,,,37.6676335,-120.9929502,,,n_12956917601,shop=beauty
"Salida, CA",,retail,446120,Arch,,,,37.6676332,-120.9928628,,,n_12956936701,shop=beauty
"Salida, CA",,retail,446120,Sola Salons,,,,37.6686158,-120.9913309,,,n_12956946301,"shop=beauty, brand=Sola Salons"
"Salida, CA",,retail,446120,Sola Salons,,,,37.6689956,-120.9913452,,,n_12956946601,"shop=beauty, brand=Sola Salons"
"Salida, CA",,retail,445310,Alex & Sons Liquor #3,,,,37.6459928,-121.003634,,,n_12959657701,shop=alcohol
"Salida, CA",,retail,446120,Paris Salon,,,,37.6601432,-121.0119518,,,n_12959751002,shop=beauty
"Salida, CA",,retail,445120,,,,,37.638736,-120.9309619,,,n_12960332734,shop=convenience
"Salida, CA",,retail,453991,J's Smoke Shop,,,,37.6653695,-121.0292724,,,n_12961802301,shop=tobacco
"Salida, CA",,retail,445110,FoodMaxx,,,,37.669503,-121.0292647,,,n_12961807301,"shop=supermarket, brand=FoodMaxx"
"Salida, CA",,retail,453991,A&S Smoke Shop,,,,37.6707725,-121.0317573,,,n_12961875601,shop=tobacco
"Salida, CA",,retail,445120,Flyers Snack Cycle,"1240 East Whitmore Avenue, Ceres, CA, 95307",,,37.5942966,-120.9766464,,,n_13058255463,shop=convenience
"Salida, CA",,retail,452210,Target,"280 Spreckels Avenue, Manteca, CA, 95336-6005",+1 209-823-9982,https://www.target.com/sl/manteca/1526,37.794471,-121.1967258,,,w_24875275,"shop=department_store, brand=Target"
"Salida, CA",,retail,445110,Walmart Supercenter,"1205 South Main Street, Manteca, CA, 95337",+1 209-824-2000,https://www.walmart.com/store/1840-manteca-ca,37.7854883,-121.2185965,,,w_24969101,"shop=supermarket, brand=Walmart, operator=Walmart"
"Salida, CA",,retail,452210,Burlington,"1055 South Main Street, Manteca, CA, 95337",+1 209-825-8089,https://stores.burlington.com/ca/manteca/828,37.7883423,-121.2188411,,,w_24969116,"shop=department_store, brand=Burlington"
"Salida, CA",,retail,445110,Save Mart,,,,37.8231131,-121.2881255,,,w_25139476,"shop=supermarket, brand=Save Mart"
"Salida, CA",,retail,445110,Save Mart,,,,37.9774747,-121.3052242,,,w_44351109,"shop=supermarket, brand=Save Mart"
"Salida, CA",,retail,446110,CVS Pharmacy,,,,37.4637597,-121.1439919,,,w_128573819,"shop=chemist, brand=CVS Pharmacy"
"Salida, CA",,retail,445110,Raley's,,,,37.7124457,-121.4325181,,,w_160950669,"shop=supermarket, brand=Raley's"
"Salida, CA",,retail,445110,Dollar General Market,"965 Lander Avenue, Turlock, CA, 95380",,https://www.dollargeneral.com/store-directory/ca/turlock/14686,37.4838823,-120.8500641,,,w_173948337,"shop=supermarket, brand=Dollar General"
"Salida, CA",,retail,445110,Raley's,"3020 Floyd Avenue, Ste.#139, Modesto, CA, 95355",,,37.6763505,-120.9381711,,,w_178930936,"shop=supermarket, brand=Raley's"
"Salida, CA",,retail,445120,Raley's Aisle 1,"3020 Floyd Avenue, Ste.#189, Modesto, CA, 95355",,,37.6760693,-120.9391337,,,w_179388269,shop=convenience
"Salida, CA",,retail,445110,Raley's,,,,37.8258792,-121.2383597,,,w_184110546,"shop=supermarket, brand=Raley's"
"Salida, CA",,retail,452210,Target,"16858 Golden Valley Parkway, Lathrop, CA, 95330-8535",+1 209-242-5041,https://www.target.com/sl/lathrop/2347,37.8080815,-121.2987064,,,w_184365863,"shop=department_store, brand=Target"
"Salida, CA",,retail,445110,Safeway,"1801 West 11 Street, Tracy, CA, 95376",+1 209-830-2950,https://local.safeway.com/safeway/ca/tracy/1801-w-11th-st.html,37.7400678,-121.4494121,,,w_191002418,"shop=supermarket, brand=Safeway"
"Salida, CA",,retail,445110,Safeway,"6445 Pacific Avenue, Stockton, CA, 95207",+1 209-472-8600,https://local.safeway.com/safeway/ca/stockton/6445-pacific-ave.html,38.0085185,-121.3211991,,,w_191037330,"shop=supermarket, brand=Safeway"
"Salida, CA",,retail,446110,Rite Aid,,,https://www.riteaid.com/locations/ca/stockton/6455-pacific-avenue.html,38.0084788,-121.3220346,,,w_191037468,"shop=chemist, brand=Rite Aid"
"Salida, CA",,retail,445110,Safeway,"2808 Country Club Boulevard, Stockton, CA, 95204",+1 209-461-5555,https://local.safeway.com/safeway/ca/stockton/2808-country-club-blvd.html,37.9623172,-121.3375412,,,w_191038646,"shop=supermarket, brand=Safeway"
"Salida, CA",,retail,445120,Love's,,,https://www.loves.com/locations/223,37.755253,-121.1414691,,,w_224316504,"shop=convenience, brand=Love's"
"Salida, CA",,retail,445110,Safeway,"3051 Countryside Drive, Turlock, CA, 95380",+1 209-669-2725,https://local.safeway.com/safeway/ca/turlock/3051-countryside-dr.html,37.5209053,-120.8835361,,,w_238690118,"shop=supermarket, brand=Safeway"
"Salida, CA",,retail,445110,Safeway,"2001 McHenry Avenue, Modesto, CA, 95350",+1 209-571-6280,https://local.safeway.com/safeway/ca/modesto/2001-mchenry-ave-suite-c.html,37.6719571,-120.9958458,,,w_252246535,"shop=supermarket, brand=Safeway"
"Salida, CA",,retail,445110,Safeway,"1187 South Main Street, Manteca, CA, 95336",+1 209-824-1144,https://local.safeway.com/safeway/ca/manteca/1187-s-main-st.html,37.7866851,-121.2187646,,,w_252698172,"shop=supermarket, brand=Safeway"
"Salida, CA",,retail,445110,WinCo Foods,,,,37.7589607,-121.4685367,,,w_252948016,"shop=supermarket, brand=WinCo Foods"
"Salida, CA",,retail,445120,ExtraMile,,,,37.9866811,-121.2457883,,,w_268958549,"shop=convenience, brand=ExtraMile"
"Salida, CA",,retail,445120,,,,,37.9869916,-121.2473116,,,w_272203051,shop=convenience
"Salida, CA",,retail,445110,FoodMaxx,"1845 Countryside Drive, Turlock, 95380",,,37.5095923,-120.8775608,,,w_281221356,"shop=supermarket, brand=FoodMaxx"
"Salida, CA",,retail,445310,BevMo!,"3218 Countryside Drive, Turlock, CA, 95380",+1 209 634 1738,,37.5230921,-120.8802199,,,w_281221363,"shop=alcohol, brand=BevMo!"
"Salida, CA",,retail,452210,Walmart,"2111 Fulkerth Road, Turlock, CA, 95380",+1 209-634-8543,https://www.walmart.com/store/1963-turlock-ca,37.5094119,-120.8729397,,,w_281221366,"shop=department_store, brand=Walmart, operator=Walmart"
"Salida, CA",,retail,445120,ExtraMile,"2725 West Monte Vista Avenue, Turlock, CA, 95382",+1 209 634 8300,,37.522363,-120.8808536,,,w_281221378,"shop=convenience, brand=ExtraMile"
"Salida, CA",,retail,445120,,,,,37.5215728,-120.8882018,,,w_281221385,shop=convenience
"Salida, CA",,retail,445110,Grocery Outlet,"1060 North Wilson Way, Stockton, CA",,,37.9671546,-121.2735514,,,w_287550442,"shop=supermarket, brand=Grocery Outlet"
"Salida, CA",,retail,445110,Tienda Guatemalteca El Quetzal,"1069 North Wilson Way, Stockton, CA",,,37.9668658,-121.2748498,,,w_287550772,shop=supermarket
"Salida, CA",,retail,445120,Valero,"1210 East Hammer Lane, Stockton, CA",,,38.0205073,-121.2972253,,,w_287553793,"shop=convenience, brand=Valero"
"Salida, CA",,retail,445120,Chevron,"1530 East Morada Lane, Stockton, CA",,,38.0362727,-121.2942575,,,w_287558141,"shop=convenience, brand=Chevron"
"Salida, CA",,retail,445120,Don Jose's Market,"2196 East Main Street, Stockton, CA",,,37.9550129,-121.2598876,,,w_287577589,shop=convenience
"Salida, CA",,retail,445110,Super Mercado,"2481 East Main Street, Stockton, CA",,,37.9552321,-121.2526832,,,w_287586479,shop=supermarket
"Salida, CA",,retail,445120,Michael's Market,"3130 East Main Street, Stockton, CA",,,37.954256,-121.2450458,,,w_287597294,shop=convenience
"Salida, CA",,retail,452319,Dollar Tree,"3728 East Hammer Lane, Stockton, CA, 95212",+1 209-390-0642,https://www.dollartree.com/locations/ca/stockton/1260/,38.0199645,-121.2681568,,,w_287606178,"shop=variety_store, brand=Dollar Tree"
"Salida, CA",,retail,445110,Raley's,"4255 East Morada Lane, Stockton, CA",,,38.0398364,-121.2601741,,,w_287613863,"shop=supermarket, brand=Raley's"
"Salida, CA",,retail,445110,Dollar General Market,"4332 East Main Street, Stockton, CA",,https://www.dollargeneral.com/store-directory/ca/stockton/13593,37.9540088,-121.2320982,,,w_287615507,"shop=supermarket, brand=Dollar General"
"Salida, CA",,retail,445120,7-Eleven,"4415 Pacific Avenue, Stockton, CA",,https://www.7-eleven.com/locations/ca/stockton/4415-pacific-ave-41341,37.9880118,-121.3122023,,,w_287616021,"shop=convenience, brand=7-Eleven"
"Salida, CA",,retail,445120,7-Eleven,"4627 Da Vinci Drive, Stockton, CA, 95207",,https://www.7-eleven.com/locations/ca/stockton/4627-da-vinci-drive-20632,37.9840278,-121.3403126,,,w_287617108,"shop=convenience, brand=7-Eleven"
"Salida, CA",,retail,446110,Rite Aid,"4774 West Lane, Stockton, CA, 95210",+1 (209) 473-9170,https://www.riteaid.com/locations/ca/stockton/4774-west-lane.html,37.9973804,-121.2879772,,,w_287617643,"shop=chemist, brand=Rite Aid"
"Salida, CA",,retail,445120,ampm,"4837 South State Route 99 Fr E Road, Stockton, CA",,,37.9063258,-121.2224743,,,w_287617889,"shop=convenience, brand=ampm"
"Salida, CA",,retail,445310,BevMo!,"6393 Pacific Avenue, Stockton, CA",,,38.0078445,-121.3201506,,,w_287624442,"shop=alcohol, brand=BevMo!"
"Salida, CA",,retail,446110,Walgreens,"7850 West Lane, Stockton, CA, 95210",,https://www.walgreens.com/locator/walgreens-7850+west+ln-stockton-ca-95210/id=10482,38.0197385,-121.2942561,,,w_287628089,"shop=chemist, brand=Walgreens"
"Salida, CA",,retail,445110,Food 4 Less,"789 West Hammer Lane, Stockton, CA",,,38.0228402,-121.32141,,,w_287628100,"shop=supermarket, brand=Food 4 Less"
"Salida, CA",,retail,452210,Marshalls,"2203 Grand Canal Boulevard, Stockton, CA, 95207",+1-209-952-7870,https://www.marshalls.com/store-finder/Stockton-CA-95207/122,37.9854081,-121.333685,,,w_287634069,"shop=department_store, brand=Marshalls"
"Salida, CA",,retail,452210,Target,"4707 Pacific Avenue, Stockton, CA, 95207-6301",+1 209-476-8081,https://www.target.com/sl/stockton/313,37.9917997,-121.315257,,,w_287634100,"shop=department_store, brand=Target"
"Salida, CA",,retail,446110,Walgreens,"660 West March Lane, Stockton, CA",,https://www.walgreens.com/locator/walgreens-660+w+march+ln-stockton-ca-95207/id=15398,37.9902881,-121.3132982,,,w_287634104,"shop=chemist, brand=Walgreens"
"Salida, CA",,retail,445120,Food Mart,,,,37.9272765,-121.296374,,,w_288215827,"shop=convenience, brand=Convenient Food Mart"
"Salida, CA",,retail,445110,Walmart Neighborhood Market,"1189 East March Lane, Stockton, CA, 95210",+1 209-235-2047,https://www.walmart.com/store/3022-stockton-ca,38.0041333,-121.2924476,,,w_289978993,"shop=supermarket, brand=Walmart, operator=Walmart"
"Salida, CA",,retail,445110,WinCo Foods,5110 Montauban Avenue,+1 (209) 954-1360,https://www.wincofoods.com/stores/win-co-foods-stockton-10/4660,38.0046857,-121.2837813,,,w_289979041,"shop=supermarket, brand=WinCo Foods"
"Salida, CA",,retail,445110,Walmart Supercenter,"3223 East Hammer Lane, Stockton, CA, 95212",+1 209-473-2796,https://www.walmart.com/store/1554-stockton-ca,38.0235354,-121.2734841,,,w_290299360,"shop=supermarket, brand=Walmart, operator=Walmart"
"Salida, CA",,retail,446110,Rite Aid,"1050 North Wilson Way, Stockton, CA, 95205",,,37.9670937,-121.2741433,,,w_290299866,"shop=chemist, brand=Rite Aid"
"Salida, CA",,retail,445120,7-Eleven,,,,38.0042196,-121.3523225,,,w_290407296,"shop=convenience, brand=7-Eleven"
"Salida, CA",,retail,445120,76,,,,38.0199943,-121.2719953,,,w_293613262,"shop=convenience, brand=76"
"Salida, CA",,retail,445120,7-Eleven,,,https://www.7-eleven.com/locations/ca/stockton/4943-s-hwy-99-32190,37.9044663,-121.221108,,,w_293621267,"shop=convenience, brand=7-Eleven"
"Salida, CA",,retail,445120,76,"2701 West March Lane, Stockton, CA, 95219",,,37.9850914,-121.345123,,,w_293623603,"shop=convenience, brand=76"
"Salida, CA",,retail,445110,Raley's,"2900 Geer Road, Turlock, CA, 95382",+1 209 667 5253,https://www.raleys.com/store/310,37.5190724,-120.8471555,,,w_297136662,"shop=supermarket, brand=Raley's"
"Salida, CA",,retail,445120,7-Eleven,"2500 Geer Road, Turlock, CA, 95382-1427",+1 209 632 7204,https://www.7-eleven.com/locations/ca/turlock/2500-geer-rd-16185,37.5158461,-120.8483945,,,w_297310994,"shop=convenience, brand=7-Eleven"
"Salida, CA",,retail,445120,ampm,"210 North Golden State Boulevard, Turlock, CA, 95380",+1 209 656 8330,,37.4959258,-120.8468067,,,w_298978611,"shop=convenience, brand=ampm"
"Salida, CA",,retail,446110,Hilmar Smoke Shop,"8329 North Lander Avenue, Hilmar, 95324",,,37.4090378,-120.8503129,,,w_311696080,shop=chemist
"Salida, CA",,retail,446120,Noelia & Cathy's Hair Salon,"8330 North Lander Avenue, Hilmar, 95324",,,37.4090291,-120.8498025,,,w_311711483,shop=beauty
"Salida, CA",,retail,445110,Portuguese Fish Market,"20035 West Second Street, Hilmar, 95324",,,37.4084268,-120.8504295,,,w_311711621,shop=supermarket
"Salida, CA",,retail,446120,Trends Nail Salon,"19947 West First Street, Hilmar, 95324",,,37.4075586,-120.8492257,,,w_311712026,shop=beauty
"Salida, CA",,retail,446110,Walgreens,,,https://www.walgreens.com/locator/walgreens-995+sperry+ave-patterson-ca-95363/id=9955,37.4648592,-121.1402978,,,w_315088481,"shop=chemist, brand=Walgreens"
"Salida, CA",,retail,445120,,,,,37.7971541,-121.2052587,,,w_319494571,shop=convenience
"Salida, CA",,retail,445110,Food 4 Less,,,,37.7960907,-121.1999057,,,w_319496960,"shop=supermarket, brand=Food 4 Less"
"Salida, CA",,retail,445310,Manteca Mart Liquors,1393 Yosemite Avenue,,,37.798903,-121.1937584,,,w_319497372,shop=alcohol
"Salida, CA",,retail,445110,Grocery Outlet,,,,37.7989784,-121.1941079,,,w_319497391,"shop=supermarket, brand=Grocery Outlet"
"Salida, CA",,retail,452319,Dollar Tree,,,https://www.dollartree.com/locations/ca/manteca/2189/,37.7989747,-121.1946201,,,w_319497405,"shop=variety_store, brand=Dollar Tree"
"Salida, CA",,retail,445120,Shell,1399 Yosemite Avenue,,,37.7978905,-121.1941861,,,w_319497542,"shop=convenience, brand=Shell"
"Salida, CA",,retail,452210,Kohl's,"2360 Daniels Street, Manteca, CA, 95337",+1 209-825-1493,https://www.kohls.com/stores/ca/manteca-976.shtml,37.7856201,-121.2580381,,,w_319609947,"shop=department_store, brand=Kohl's"
"Salida, CA",,retail,446120,European Wax Centre,,,,37.7860655,-121.2538419,,,w_319610821,shop=cosmetics
"Salida, CA",,retail,452210,Ross,"2220 Daniels Street, Manteca, CA, 95337",+1 209-824-0794,,37.7857865,-121.2554423,,,w_319610952,"shop=department_store, brand=Ross"
"Salida, CA",,retail,452210,JCPenney,"1060 Perimeter Drive, Manteca, CA, 95337",,,37.7813051,-121.2317453,,,w_319611434,"shop=department_store, brand=JCPenney"
"Salida, CA",,retail,445120,Food Mart,"2901 Geer Road, Turlock, CA, 95382",,,37.5198375,-120.8493846,,,w_323929263,shop=convenience
"Salida, CA",,retail,445110,Rinaldi's Market,"4625 Duncan Road, CA, 95236",,,38.0177647,-121.0961028,,,w_334800832,shop=supermarket
"Salida, CA",,retail,452319,Family Dollar,"801 9th Street, Modesto, CA, 95354",+1-209-809-3892,https://www.familydollar.com/locations/ca/modesto/32258/,37.6377718,-120.9995426,,,w_336616071,"shop=variety_store, brand=Family Dollar"
"Salida, CA",,retail,445110,Walmart Neighborhood Market,"2480 Geer Road, Turlock, CA, 95382",+1 209-226-7000,https://www.walmart.com/store/3047-turlock-ca,37.5156312,-120.8470909,,,w_343359061,"shop=supermarket, brand=Walmart, operator=Walmart"
"Salida, CA",,retail,452210,TJ Maxx,,,,37.7943349,-121.1949384,,,w_364605454,"shop=department_store, brand=TJ Maxx"
"Salida, CA",,retail,446110,CVS Pharmacy,"1700 McHenry Avenue, Modesto, CA, 95350",(209) 529-4813,https://www.cvs.com/store-locator/modesto-ca-pharmacies/1700-mchenry-ave-modesto-ca-95350/storeid=9248,37.6700678,-120.9930533,,,w_365926069,"shop=chemist, brand=CVS Pharmacy"
"Salida, CA",,retail,445110,Dollar General Market,"1201 West Main Street, Ripon, CA, 95366",+1 209-691-0188,https://www.dollargeneral.com/store-directory/ca/ripon/13357,37.7406351,-121.1363324,,,w_401322545,"shop=supermarket, brand=Dollar General Market"
"Salida, CA",,retail,445120,Food Mart,"341 East Main Street, Ripon, CA, 95366",,,37.7397966,-121.1192706,,,w_401328423,shop=convenience
"Salida, CA",,retail,445120,,,,,37.7637132,-121.4358329,,,w_437474223,shop=convenience
"Salida, CA",,retail,445120,,,,,37.493228,-120.8723646,,,w_460792942,shop=convenience
"Salida, CA",,retail,445120,Food Mart,,,,37.6691922,-120.9568303,,,w_461232274,shop=convenience
"Salida, CA",,retail,446120,Seven Salon,"435 East Main Street, Turlock, CA, 95380",,,37.4967849,-120.8433677,,,w_462485741,shop=beauty
"Salida, CA",,retail,445110,Raley's,,,,37.7742851,-120.8307052,,,w_471763492,"shop=supermarket, brand=Raley's"
"Salida, CA",,retail,446110,CVS Pharmacy,,,https://www.cvs.com/store-locator/oakdale-ca-pharmacies/1520-e-f-st-oakdale-ca-95361/storeid=3944,37.7739713,-120.8314576,,,w_471763494,"shop=chemist, brand=CVS Pharmacy"
"Salida, CA",,retail,445120,Power Market,,,,37.8258712,-121.2859488,,,w_485696863,shop=convenience
"Salida, CA",,retail,446110,Walgreens,,,https://www.walgreens.com/locator/walgreens-14780+s+harlan+rd-lathrop-ca-95330/id=10631,37.8272051,-121.2861746,,,w_485696868,"shop=chemist, brand=Walgreens"
"Salida, CA",,retail,452319,Dollar Tree,"1620 Standiford Avenue, Modesto, CA, 95350",2095783088,https://www.dollartree.com/locations/ca/modesto/2459/,37.6890195,-121.0216365,,,w_512113081,"shop=variety_store, brand=Dollar Tree"
"Salida, CA",,retail,446110,Walgreens,"1700 Standiford Avenue, Modesto, CA, 95350",2095275416,https://www.walgreens.com/locator/walgreens-1700+standiford+ave-modesto-ca-95350/id=7313,37.6885743,-121.023257,,,w_512113086,"shop=chemist, brand=Walgreens"
"Salida, CA",,retail,445120,World of Wheels,"1544 Standiford Ave, Modesto, CA, 95350",209-522-0804,https://www.wowbikes.net/,37.689031,-121.0193943,,,w_521401412,shop=convenience
"Salida, CA",,retail,453110,Twisted Stem,"239 North Broadway Street, Turlock, CA, 95380",,,37.4948945,-120.8492424,,,w_542459013,shop=florist
"Salida, CA",,retail,445110,Walmart Supercenter,"1030 Sperry Avenue, Patterson, CA, 95363",+1 209-895-4407,https://www.walmart.com/store/5843-patterson-ca,37.4623013,-121.1427578,,,w_546875686,"shop=supermarket, brand=Walmart, operator=Walmart"
"Salida, CA",,retail,445120,,,,,37.6088401,-120.9750067,,,w_563660686,shop=convenience
"Salida, CA",,retail,446120,Ulta Beauty,"2292 Daniels Street, Manteca, CA, 95337",+1 209-823-2352,https://www.ulta.com/stores/manteca-ca-1143,37.7844235,-121.2568023,,,w_600643274,"shop=beauty, brand=Ulta Beauty"
"Salida, CA",,retail,445120,Shell Select,"16500 South Harlan Road, Lathrop, CA, 95330",,,37.8114617,-121.2944927,,,w_664308049,"shop=convenience, brand=Shell Select"
"Salida, CA",,retail,445110,Walmart Neighborhood Market,"1421 Coffee Road, Modesto, CA, 95355",+1 209-222-5632,https://www.walmart.com/store/3046-modesto-ca,37.6645714,-120.976589,,,w_693438459,"shop=supermarket, brand=Walmart, operator=Walmart"
"Salida, CA",,retail,445110,Walmart Supercenter,"3848 McHenry Avenue, Modesto, CA, 95356",+1 209-342-0949,https://www.walmart.com/store/5710-modesto-ca,37.6945781,-120.9917665,,,w_693748249,"shop=supermarket, brand=Walmart, operator=Walmart"
"Salida, CA",,retail,452210,Walmart,"2225 Plaza Parkway, Modesto, CA, 95350",+1 209-524-4733,https://www.walmart.com/store/1587-modesto-ca,37.6733499,-121.0371311,,,w_693762846,"shop=department_store, brand=Walmart, operator=Walmart"
"Salida, CA",,retail,445110,Walmart Supercenter,"3010 West Grant Line Road, Tracy, CA, 95304",+1 209-836-5786,https://www.walmart.com/store/2025-tracy-ca,37.7515164,-121.4719577,,,w_693961140,"shop=supermarket, brand=Walmart, operator=Walmart"
"Salida, CA",,retail,452210,Kohl's,"2751 Countryside Drive, Turlock, CA, 95380",+1 209-656-0430,https://www.kohls.com/stores/ca/turlock-715.shtml,37.5175301,-120.8821954,,,w_706853781,"shop=department_store, brand=Kohl's"
"Salida, CA",,retail,446120,Ulta Beauty,"2841 Countryside Drive, Turlock, CA, 95380",+1 209-664-1725,https://www.ulta.com/stores/turlock-ca-575,37.5187103,-120.8827244,,,w_706853784,"shop=cosmetics, brand=Ulta Beauty"
"Salida, CA",,retail,452210,TJ Maxx,"2891 Countryside Drive, Turlock, 95380",,,37.5192466,-120.8830289,,,w_706853786,"shop=department_store, brand=TJ Maxx"
"Salida, CA",,retail,452210,Ross,"2931 Countryside Drive, Turlock, CA, 95380",+1 209-669-1730,,37.5196514,-120.8832458,,,w_706853787,"shop=department_store, brand=Ross"
"Salida, CA",,retail,445310,BevMo!,,,,37.7529947,-121.4681809,,,w_724599336,"shop=alcohol, brand=BevMo!"
"Salida, CA",,retail,445110,Wayside Market,"735 Wayside Drive, Turlock, CA, 95380",+1 209 668 3293,,37.504358,-120.8406303,,,w_794883314,shop=supermarket
"Salida, CA",,retail,445120,Chevron,,,,37.724534,-121.4354278,,,w_926105933,"shop=convenience, brand=Chevron"
"Salida, CA",,retail,445120,ExtraMile,,,,37.7248276,-121.435445,,,w_926105934,"shop=convenience, brand=ExtraMile"
"Salida, CA",,retail,445120,ExtraMile,"801 5th Street, Modesto, CA, 95351",+1-209-566-9205,,37.6349622,-121.0032714,,,w_931877508,"shop=convenience, brand=ExtraMile"
"Salida, CA",,retail,445110,FoodMaxx,,,,37.7373307,-121.4518973,,,w_945967885,"shop=supermarket, brand=FoodMaxx"
"Salida, CA",,retail,445110,,,,,37.7382718,-121.4505439,,,w_945967887,shop=supermarket
"Salida, CA",,retail,445310,Mi Ranchito Market,"215 South Central Avenue, Tracy, CA, 95376",,,37.7321217,-121.4258745,,,w_955919463,shop=alcohol
"Salida, CA",,retail,452319,99 Cents Only Stores,,,https://locations.99only.com/ca/tracy/discount-store-185.html,37.7391833,-121.44228,,,w_956678598,"shop=variety_store, brand=99 Cents Only Stores"
"Salida, CA",,retail,445120,,,,,37.754587,-121.4584585,,,w_962544935,shop=convenience
"Salida, CA",,retail,445120,,,,,37.754895,-121.459726,,,w_962544936,shop=convenience
"Salida, CA",,retail,445120,ExtraMile,,,,37.7538097,-121.4355274,,,w_962762250,"shop=convenience, brand=ExtraMile"
"Salida, CA",,retail,445310,,,,,37.7404085,-121.4360035,,,w_962996586,shop=alcohol
"Salida, CA",,retail,445110,La Plaza Market,"3225 North Tracy Boulevard, Tracy, CA, 95376",,,37.7605683,-121.436782,,,w_963315130,shop=supermarket
"Salida, CA",,retail,445110,Grocery Outlet,,,,37.740082,-121.4372467,,,w_963315524,"shop=supermarket, brand=Grocery Outlet"
"Salida, CA",,retail,445120,Mobil Mart,,,,37.7192551,-121.5371633,,,w_965745892,"shop=convenience, brand=Mobil Mart"
"Salida, CA",,retail,452210,Macy's,,,https://www.macys.com/stores/ca/tracy/west-valley-mall_386.html,37.7617018,-121.4585436,,,w_966292523,"shop=department_store, brand=Macy's"
"Salida, CA",,retail,452210,Sears,,,,37.7610261,-121.4572223,,,w_966292527,"shop=department_store, brand=Sears"
"Salida, CA",,retail,452210,Target,"2800 Naglee Road, Tracy, CA, 95304-7307",+1 209-833-3494,https://www.target.com/sl/tracy/738,37.7574741,-121.457905,,,w_966906884,"shop=department_store, brand=Target"
"Salida, CA",,retail,445120,ExtraMile,,,,37.7391546,-121.1198744,,,w_972974127,"shop=convenience, brand=ExtraMile"
"Salida, CA",,retail,446110,CVS Pharmacy,"6632 Pacific Avenue, Stockton, CA, 95207",,https://www.cvs.com/store-locator/stockton-ca-pharmacies/6632-pacific-ave-stockton-ca-95207/storeid=9830,38.010958,-121.3193867,,,w_1011632078,"shop=chemist, brand=CVS Pharmacy"
"Salida, CA",,retail,445110,Grocery Outlet,"6618 Pacific Avenue, Stockton, CA, 95207",,,38.010587,-121.3192974,,,w_1011632079,"shop=supermarket, brand=Grocery Outlet"
"Salida, CA",,retail,445120,7-Eleven,,,https://www.7-eleven.com/locations/ca/stockton/121-s-center-st-38153,37.9509408,-121.2910785,,,w_1011922146,"shop=convenience, brand=7-Eleven"
"Salida, CA",,retail,445110,,,,,37.7394958,-121.4180305,,,w_1020264148,shop=supermarket
"Salida, CA",,retail,445120,Circle K,,,,37.8258526,-121.2875098,,,w_1032316377,"shop=convenience, brand=Circle K"
"Salida, CA",,retail,445210,Dave's Meat Service,,,,37.6602137,-121.0891577,,,w_1036615541,shop=butcher
"Salida, CA",,retail,445120,ampm,,,,37.7101038,-121.432953,,,w_1059496645,"shop=convenience, brand=ampm"
"Salida, CA",,retail,445120,Fast & Easy Mart,,,,37.6641225,-120.9933765,,,w_1085755980,shop=convenience
"Salida, CA",,retail,445120,,,,,37.5269385,-120.7950656,,,w_1107944617,shop=convenience
"Salida, CA",,retail,445110,Safeway,"19555 Mountain House Parkway, Mountain House, CA, 95391",+1 209-362-1256,https://local.safeway.com/safeway/ca/mountain-house/19555-s-mountain-house-pkwy.html,37.7826716,-121.5331827,,,w_1126103639,"shop=supermarket, brand=Safeway"
"Salida, CA",,retail,452210,Ross,"2405 Geer Road, Turlock, CA, 95382",+1 209 634 4929,,37.5149791,-120.8505625,,,w_1146153343,"shop=department_store, brand=Ross"
"Salida, CA",,retail,445120,Paul's Food Mart,"1202 Geer Road, Turlock, CA, 95380-3202",,,37.504503,-120.8484179,,,w_1146185017,shop=convenience
"Salida, CA",,retail,445120,Quik Stop,"1260 Geer Road, Turlock, CA, 95380-3202",,,37.5046943,-120.8484146,,,w_1146185018,"shop=convenience, brand=Quik Stop"
"Salida, CA",,retail,446120,E Main Skin & Body,"1115 East Main Street, Turlock, CA, 95380",+1 209 634 7660,,37.5037996,-120.8335597,,,w_1146673699,shop=beauty
"Salida, CA",,retail,445110,Pop's Bargain Outlet,"470 South Golden State Boulevard, Turlock, CA, 95380",,,37.4919157,-120.8416781,,,w_1146756591,shop=supermarket
"Salida, CA",,retail,445310,Pop-N-Cork,"1190 East Avenue, Turlock, CA, 95380",+1 209 632 5268,,37.4924027,-120.8385257,,,w_1146756622,shop=alcohol
"Salida, CA",,retail,445120,ampm,,,,37.7861733,-121.2504081,,,w_1165499547,"shop=convenience, brand=ampm"
"Salida, CA",,retail,452319,Dollar General,"940 East Whitmore Avenue, Ceres, CA, 95307",,,37.5943056,-120.9807922,,,w_1168303352,"shop=variety_store, brand=Dollar General"
"Salida, CA",,retail,445120,Cruisers,"2201 Patterson Road, Riverbank, CA, 95367",,,37.7331149,-120.9580367,,,w_1168780105,"shop=convenience, operator=Boyett Petroleum"
"Salida, CA",,retail,445110,Save Mart,"3401 Oakdale Road, Modesto, CA, 95355",+12092728494,https://savemart.com/?utm_source=google&utm_medium=organic&utm_campaign=maps,37.6855395,-120.9588964,,,w_1171321871,"shop=supermarket, brand=Save Mart"
"Salida, CA",,retail,445120,Circle K,"1490 South Main Street, Manteca, CA, 95337",,,37.7800971,-121.2152818,,,w_1177354137,"shop=convenience, brand=Circle K"
"Salida, CA",,retail,445120,7-Eleven,"1045 Oakdale Road, Modesto, CA, 95355",+1 209-521-7960,https://www.7-eleven.com/locations/ca/modesto/1045-old-oakdale-rd-15883,37.6578449,-120.9579934,,,w_1190714423,"shop=convenience, brand=7-Eleven"
"Salida, CA",,retail,445120,ampm,,,,37.4760229,-120.8498041,,,w_1213386406,"shop=convenience, brand=ampm"
"Salida, CA",,retail,445310,Modesto Liquors,"1210 Tully Road, Modesto, CA, 95350",,,37.6608617,-121.0118375,,,w_1220593530,shop=alcohol
"Salida, CA",,retail,445120,7-Eleven,"3225 McHenry Avenue, Modesto, CA, 95350",+1 209-577-1373,https://www.7-eleven.com/locations/ca/modesto/3225-mchenry-ave-36042,37.6851389,-120.9947631,,,w_1230643812,"shop=convenience, brand=7-Eleven"
"Salida, CA",,retail,446110,Walgreens,,,https://www.walgreens.com/locator/walgreens-102+n+jack+tone+rd-ripon-ca-95366/id=9716,37.7400236,-121.1416014,,,w_1230647958,"shop=chemist, brand=Walgreens"
"Salida, CA",,retail,445120,7-Eleven,,,,37.5795184,-120.9380632,,,w_1230653343,"shop=convenience, brand=7-Eleven"
"Salida, CA",,retail,445120,Quik Stop,,,,37.6169845,-121.0300222,,,w_1230654101,"shop=convenience, brand=Quik Stop"
"Salida, CA",,retail,445110,Save Mart,"1631 Lander Avenue, Turlock, CA, 95380",,,37.4771652,-120.8508147,,,w_1248330332,"shop=supermarket, brand=Save Mart"
"Salida, CA",,retail,445120,Circle K,"1600 West Main Street, Turlock, CA, 95380",,,37.492357,-120.8677676,,,w_1250071622,"shop=convenience, brand=Circle K"
"Salida, CA",,retail,445110,Walmart Supercenter,"3960 Mitchell Road, Ceres, CA, 95307",+1 209-541-0253,https://www.walmart.com/store/1983-ceres-ca,37.5830267,-120.9406836,,,w_1272922133,"shop=supermarket, brand=Walmart"
"Salida, CA",,retail,445120,Star Market,"2622 Patterson Road, Riverbank, CA, 95367",,,37.7323959,-120.9487359,,,w_1273874803,shop=convenience
"Salida, CA",,retail,445110,Cost Less Food Company,"255 West Main Street, Turlock, CA, 95380",+1 209 667 8641,https://costlessfoods.com/,37.4934189,-120.8501707,,,w_1286411078,shop=supermarket
"Salida, CA",,retail,446120,Hair Highness Beauty Supply Depot,"400 Paradise Road, Modesto, CA, 95351",,,37.6274094,-121.0120613,,,w_1287525981,shop=beauty
"Salida, CA",,retail,445110,FoodMaxx,"415 Paradise Road, Modesto, CA, 95351",+1-209-544-1806,,37.6282432,-121.0131624,,,w_1287527901,"shop=supermarket, brand=FoodMaxx"
"Salida, CA",,retail,446110,Walgreens,"401 Paradise Road, Modesto, CA, 95351",+1-209-575-3257,,37.6282389,-121.0123707,,,w_1287527902,"shop=chemist, brand=Walgreens"
"Salida, CA",,retail,445110,Smart & Final Extra!,"651 North Golden State Boulevard, Turlock, CA, 95380",(209) 216-5227,,37.4982495,-120.8505399,,,w_1290289636,"shop=supermarket, brand=Smart & Final"
"Salida, CA",,retail,452210,dd's Discounts,"601 North Golden State Boulevard, Turlock, CA, 95380",+1 209-656-1753,,37.497939,-120.8501201,,,w_1290289637,"shop=department_store, brand=dd's Discounts"
"Salida, CA",,retail,445120,ampm,"903 5th Street, Modesto, CA, 95351",+1-209-577-3307,,37.6360125,-121.0046991,,,w_1290319180,"shop=convenience, brand=ampm"
"Salida, CA",,retail,445110,T & T Food Mart,"719 I Street, Modesto, CA, 95354",+1-209-576-0687,,37.6380341,-121.0015877,,,w_1291508837,shop=supermarket
"Salida, CA",,retail,452319,Cheap Cheap Everything,"714 I Street, Modesto, CA, 95354",,,37.6374797,-121.0013888,,,w_1292176281,shop=variety_store
"Salida, CA",,retail,445120,Valero,"801 7th Street, Modesto, CA, 95354",+1-209-529-5577,https://locations.valero.com/en-us/LocationDetails/Index/801-7TH-ST/0000002366,37.6363366,-121.0013845,,,w_1292225748,"shop=convenience, brand=Valero"
"Salida, CA",,retail,445310,Stop N Save,"825 East Main Street, Turlock, CA, 95380",,,37.499837,-120.8394392,,,w_1292289213,shop=alcohol
"Salida, CA",,retail,446120,Sephora,"3401 Dale Road, Modesto, CA, 95356",(209) 341-0100,https://www.sephora.com/happening/stores/modesto-vintage-faire-mall,37.6881492,-121.0528192,,,w_1299705495,"shop=cosmetics, brand=Sephora"
"Salida, CA",,retail,452210,JCPenney,"3401 Dale Rd, Modesto, CA, 95356",(209) 527-5000,https://www.jcpenney.com/locations/ca/modesto/clothing-stores-modesto-ca-1037.html,37.688783,-121.0562067,,,w_1299898411,"shop=department_store, brand=JCPenney"
"Salida, CA",,retail,452210,Macy's,"500 Vintage Faire Mall, Modesto, CA, 95356",(209) 575-3333,https://www.macys.com/stores/ca/modesto/vintage-faire-mall_335.html,37.6891449,-121.0549858,,,w_1299898412,"shop=department_store, brand=Macy's"
"Salida, CA",,retail,445120,Valero,,,,37.6732722,-121.031761,,,w_1337645261,"shop=convenience, brand=Valero"
"Salida, CA",,retail,445120,,,,,37.6673564,-121.0297715,,,w_1337737964,shop=convenience
"Salida, CA",,retail,445110,WinCo Foods,,,,37.6708206,-121.0338054,,,w_1337843227,"shop=supermarket, brand=WinCo Foods"
"Salida, CA",,retail,452319,Family Dollar,,,,37.6389142,-120.8980635,,,w_1355244256,"shop=variety_store, brand=Family Dollar"
"Salida, CA",,retail,445310,Empire Liquor Store,5018 Yosemite Boulevard,,,37.6380293,-120.9015438,,,w_1355248912,shop=alcohol
"Salida, CA",,retail,453991,Empire Smoke Shop,,,,37.637655,-120.9026263,,,w_1355248918,shop=tobacco
"Salida, CA",,retail,445120,7-Eleven,"3379 North Tracy Boulevard, Tracy, CA, 95376",+1-350-250-0625,https://www.7-eleven.com/locations/ca/tracy/3379-n-tracy-blvd-41531,37.7608479,-121.4354747,,,w_1356644145,"shop=convenience, brand=7-Eleven"
"Salida, CA",,retail,445120,T Mart,,,,37.935579,-121.2989175,,,w_1356649036,shop=convenience
"Salida, CA",,retail,445110,Grocery Outlet,"3101 Geer Road, Turlock, CA, 95382",+1 209 778 4177,,37.5208374,-120.8503075,,,w_1364699567,"shop=supermarket, brand=Grocery Outlet"
"Salida, CA",,retail,445110,Save Mart,"2595 Geer Road, Turlock, CA, 95382",+1 209 667 2781,,37.5160417,-120.8505327,,,w_1366488526,"shop=supermarket, brand=Save Mart"
"Salida, CA",,retail,453110,PF Flowers,"385 North Golden State Boulevard, Turlock, CA, 95380",+1 209 669 0292,,37.497039,-120.8483057,,,w_1385189460,shop=florist
"Salida, CA",,retail,445120,General Store,,,,37.6905689,-121.0129719,,,w_1395864687,shop=convenience
"Salida, CA",,retail,445120,ampm,,,,37.6813592,-120.9935185,,,w_1408420860,"shop=convenience, brand=ampm"
"Salida, CA",,retail,445310,Super Liquor,,,,37.6678379,-121.011899,,,w_1410407885,shop=alcohol
"Salida, CA",,retail,445310,Liquor House II,,,,37.660684,-121.0125933,,,w_1410411600,shop=alcohol
"Salida, CA",,retail,445120,Coldwell Market,,,,37.652952,-121.0123404,,,w_1410411607,shop=convenience
